
# When Threshold is proportional to frequency of class

Threshold per class: [0.7667, 0.7889, 0.7944, 0.7611, 0.7583, 0.7972, 0.8056, 0.7694, 0.7806,
        0.8139, 0.7639, 0.8194, 0.7694, 0.7694, 0.7972, 0.7667, 0.8278, 0.7806,
        0.7583, 0.8528, 0.7750, 0.8333, 0.7778, 0.7806, 0.7917, 0.8972, 0.8056,
        0.8778, 0.7694, 0.8139, 0.7694, 0.8528, 0.7611, 0.7833, 0.7944, 0.7972,
        0.8194, 0.7722, 0.7500, 0.7667, 0.7806, 0.7889, 0.7750, 0.8111, 0.7778,
        0.7722, 0.7778, 0.8306, 0.8111, 0.8000, 0.7722, 0.7611, 0.7944, 0.7861,
        0.7722, 0.7694, 0.7528, 0.8639, 0.7694, 0.7611, 0.8417, 0.7778, 0.7667,
        0.7750, 0.7694, 0.7639, 0.8194, 0.9500, 0.7833, 0.8194, 0.7722, 0.7556,
        0.7778, 0.8167, 0.7806, 0.7500, 0.7889, 0.7694, 0.7972, 0.7694, 0.7778,
        0.7722, 0.7889, 0.7778, 0.7722, 0.7944, 0.7889, 0.7694, 0.7556, 0.7806,
        0.7694, 0.7833, 0.7778, 0.7972, 0.7722, 0.7722, 0.7861, 0.7972, 0.7750,
        0.7667, 0.7806, 0.7639, 0.7833, 0.8139, 0.8139, 0.8028, 0.7750, 0.7806,
        0.8472, 0.7694, 0.7611, 0.8222, 0.7667, 0.7972, 0.8167, 0.8028, 0.8111,
        0.7833, 0.7861, 0.7806, 0.7722, 0.8056, 0.8528, 0.8083, 0.7694, 0.7694,
        0.7806, 0.7667, 0.8278, 0.7806, 0.8000, 0.7833, 0.7778, 0.7972, 0.8028,
        0.7917, 0.8222, 0.7611, 0.7556, 0.7611, 0.7917, 0.8222, 0.8306, 0.8250,
        0.7861, 0.8389, 0.8667, 0.7611, 0.7556, 0.7778, 0.7694, 0.7667, 0.7750,
        0.7806, 0.7944, 0.8111, 0.7639, 0.7917, 0.7861, 0.7861, 0.7972, 0.7944,
        0.7944, 0.7972, 0.8750, 0.8250, 0.7722, 0.7833, 0.7694, 0.7694, 0.7611,
        0.7639, 0.7694, 0.7750, 0.8806, 0.7778, 0.7778, 0.7583, 0.8139, 0.8000,
        0.7833, 0.7750, 0.8222, 0.8417, 0.8083, 0.8111, 0.7639, 0.8056, 0.7639,
        0.8278, 0.7917, 0.7917, 0.8139, 0.7833, 0.7917, 0.7917, 0.8000, 0.7944,
        0.7889, 0.7611]
Average threshold: 0.7908

# When threshold is inversely proportional to frequency of class

Threshold per class: [0.8417, 0.7983, 0.7924, 0.8633, 0.8778, 0.7899, 0.7833, 0.8333, 0.8098,
        0.7782, 0.8515, 0.7753, 0.8333, 0.8333, 0.7899, 0.8417, 0.7716, 0.8098,
        0.8778, 0.7636, 0.8200, 0.7694, 0.8146, 0.8098, 0.7952, 0.7554, 0.7833,
        0.7583, 0.8333, 0.7782, 0.8333, 0.7636, 0.8633, 0.8056, 0.7924, 0.7899,
        0.7753, 0.8262, 0.9500, 0.8417, 0.8098, 0.7983, 0.8200, 0.7798, 0.8146,
        0.8262, 0.8146, 0.7705, 0.7798, 0.7875, 0.8262, 0.8633, 0.7924, 0.8018,
        0.8262, 0.8333, 0.9190, 0.7610, 0.8333, 0.8633, 0.7667, 0.8146, 0.8417,
        0.8200, 0.8333, 0.8515, 0.7753, 0.7500, 0.8056, 0.7753, 0.8262, 0.8958,
        0.8146, 0.7767, 0.8098, 0.9500, 0.7983, 0.8333, 0.7899, 0.8333, 0.8146,
        0.8262, 0.7983, 0.8146, 0.8262, 0.7924, 0.7983, 0.8333, 0.8958, 0.8098,
        0.8333, 0.8056, 0.8146, 0.7899, 0.8262, 0.8262, 0.8018, 0.7899, 0.8200,
        0.8417, 0.8098, 0.8515, 0.8056, 0.7782, 0.7782, 0.7853, 0.8200, 0.8098,
        0.7650, 0.8333, 0.8633, 0.7740, 0.8417, 0.7899, 0.7767, 0.7853, 0.7798,
        0.8056, 0.8018, 0.8098, 0.8262, 0.7833, 0.7636, 0.7815, 0.8333, 0.8333,
        0.8098, 0.8417, 0.7716, 0.8098, 0.7875, 0.8056, 0.8146, 0.7899, 0.7853,
        0.7952, 0.7740, 0.8633, 0.8958, 0.8633, 0.7952, 0.7740, 0.7705, 0.7727,
        0.8018, 0.7675, 0.7604, 0.8633, 0.8958, 0.8146, 0.8333, 0.8417, 0.8200,
        0.8098, 0.7924, 0.7798, 0.8515, 0.7952, 0.8018, 0.8018, 0.7899, 0.7924,
        0.7924, 0.7899, 0.7588, 0.7727, 0.8262, 0.8056, 0.8333, 0.8333, 0.8633,
        0.8515, 0.8333, 0.8200, 0.7579, 0.8146, 0.8146, 0.8778, 0.7782, 0.7875,
        0.8056, 0.8200, 0.7740, 0.7667, 0.7815, 0.7798, 0.8515, 0.7833, 0.8515,
        0.7716, 0.7952, 0.7952, 0.7782, 0.8056, 0.7952, 0.7952, 0.7875, 0.7924,
        0.7983, 0.8633]
Average threshold: 0.8107