0.84999 0.00000 2.75609040 32.00000000 
0.84998 0.00000 2.82078457 32.00000000 
0.84999 0.00000 2.84459734 0.00000000 
0.84998 0.00000 2.73012257 0.00000000 
0.84997 0.00000 2.83174515 0.00000000 
0.84996 0.00000 2.79310536 0.00000000 
0.84995 0.00000 2.68759155 0.00000000 
0.84994 0.06250 2.73150134 3.12500000 
0.84993 0.06250 2.71249914 0.00000000 
0.84992 0.06250 2.75077081 0.00000000 
0.84991 0.06250 2.62026167 0.00000000 
0.84990 0.06250 2.85820079 0.00000000 
0.84989 0.06250 2.80635476 0.00000000 
0.84988 0.06250 2.75275207 0.00000000 
0.84987 0.06250 2.82190204 0.00000000 
0.84986 0.06250 2.70301414 0.00000000 
0.84985 0.06250 2.76252103 0.00000000 
0.84984 0.06250 2.74450135 0.00000000 
0.84983 0.06250 2.81342673 0.00000000 
0.84982 0.06250 2.83007026 0.00000000 
0.84981 0.12500 2.72613430 3.12500000 
0.84980 0.18750 2.80687833 3.12500000 
0.84979 0.18750 2.74147058 0.00000000 
0.84978 0.18750 2.75728822 0.00000000 
0.84977 0.18750 2.82180214 0.00000000 
0.84976 0.18750 2.81227183 0.00000000 
0.84975 0.18750 2.75811553 0.00000000 
